<?xml version="1.0"?>
<opencv_storage>
<Intrinsics type_id="opencv-matrix">
  <rows>3</rows>
  <cols>3</cols>
  <dt>f</dt>
  <data>
    5.70424866e+002 0. 3.17544312e+002 0. 5.70117004e+002
    2.72824738e+002 0. 0. 1.</data></Intrinsics>
</opencv_storage>
